           1           2   1.05477621647960     
           2           3   1.22970445553056     
           3           4   1.05477672742700     
           1           5   1.36668102658720     
           4           5   1.36668915809774     
           2           6   1.45741570415270     
           6           7   1.29809966767467     
           1           8   1.32204200708482     
           7           8   1.44203461838313     
           4           9   1.32203158560241     
           9          10   1.44204746438813     
           3          11   1.45741979653317     
          10          11   1.29809252947884     
           5          12  0.968569695708849     
           6          13  0.972564791031449     
           7          14  0.974204498522352     
           8          15  0.972213925906476     
           9          16  0.972214168916953     
          10          17  0.974204153582144     
          11          18  0.972564947641509     
